GO:0030335 BP 4.97e-08  13/172   226/20913 D07 positive regulation of cell migration    71, 2149, 2896, 3309, 3687, 4088, 4249, 5747, 6352, 7057, 7494, 8660, 9448 
GO:0043066 BP 5.99e-07  17/172   487/20913 D07 negative regulation of apoptotic process 70, 307, 329, 972, 3055, 3309, 3551, 4088, 5747, 7057, 7184, 7494, 8115, 9448, 10892, 23085, 80155 
GO:0030593 BP 2.79e-06   7/172    75/20913 D09 neutrophil chemotaxis                    3627, 3958, 6352, 6361, 6367, 6375, 120425 
GO:0006954 BP 3.53e-06  14/172   382/20913 D04 inflammatory response                    2149, 3055, 3551, 3627, 4064, 5027, 5724, 6352, 6361, 6367, 6375, 7057, 7133, 54899 
GO:0050852 BP 9.79e-06   9/172   166/20913 D10 T cell receptor signaling pathway        3113, 3551, 3932, 5063, 5795, 7454, 10892, 11148, 55824 
GO:0071346 BP 1.45e-05   7/172    96/20913 D06 cellular response to interferon-gamma    71, 3113, 6352, 6361, 6367, 6375, 7454 
GO:0070062 CC 3.57e-09  44/172  2093/20913 D06 extracellular exosome                    70, 71, 249, 307, 309, 613, 931, 972, 1312, 1431, 2023, 2512, 2628, 2896, 3309, 3512, 3676, 3932, 3939, 3956, 3958, 4048, 4232, 4249, 4642, 5297, 5339, 5768, 5795, 6509, 6748, 6856, 7057, 7184, 7454, 7832, 7846, 51768, 59338, 80218, 84617, 219855, 445582, 728378 
GO:0005829 CC 2.36e-05  67/172  5110/20913 D02 cytosol                                  70, 71, 240, 307, 329, 393, 613, 840, 841, 1312, 1845, 2023, 2273, 2512, 2800, 3055, 3257, 3309, 3551, 3899, 3932, 3939, 3956, 4048, 4088, 4176, 4642, 4688, 4905, 5063, 5297, 5321, 5330, 5339, 5533, 5747, 7048, 7184, 7454, 7832, 7846, 8115, 8660, 8883, 9844, 10482, 10892, 23304, 23523, 25938, 26270, 27071, 27244, 51582, 54014, 54899, 57584, 59338, 64092, 79077, 80155, 80162, 80218, 81631, 140688, 197358, 284111 
GO:0005925 CC 3.74e-05  13/172   411/20913 D05 focal adhesion                           70, 71, 309, 2273, 3055, 3309, 3676, 3927, 5297, 5339, 5747, 7184, 9448 
GO:0016020 CC 4.96e-05  35/172  2079/20913 D02 membrane                                 70, 71, 249, 309, 613, 972, 987, 1312, 2023, 2512, 2896, 3309, 3676, 3687, 3939, 3958, 4176, 4249, 4688, 5027, 5297, 5339, 5724, 6509, 7133, 7184, 9844, 10942, 26047, 51068, 51202, 59338, 80155, 93129, 283234 
GO:0009986 CC 1.17e-04  15/172   592/20913 D02 cell surface                             307, 931, 972, 2023, 2149, 3113, 3309, 3676, 3687, 3956, 3958, 5795, 6509, 7057, 26047 
GO:0005515 MF 1.31e-07 116/172  9919/20913 D02 protein binding                          71, 240, 249, 307, 309, 329, 393, 613, 840, 841, 931, 972, 1312, 1659, 2023, 2149, 2273, 2355, 2512, 2800, 2896, 3055, 3257, 3309, 3551, 3597, 3627, 3676, 3687, 3778, 3927, 3932, 3939, 3956, 3958, 4048, 4064, 4088, 4176, 4688, 4783, 4905, 4987, 5027, 5063, 5297, 5330, 5339, 5533, 5552, 5724, 5747, 5795, 5927, 5991, 6018, 6352, 6361, 6375, 6402, 6503, 6929, 7048, 7057, 7091, 7133, 7184, 7454, 7494, 7633, 7805, 7832, 7846, 7919, 8115, 8660, 8883, 9448, 9844, 10482, 10491, 10892, 10942, 11148, 22854, 23085, 23304, 23456, 25771, 25926, 26047, 26270, 26751, 27071, 27244, 51202, 51582, 54765, 54819, 55159, 55824, 57584, 59338, 79077, 79651, 79817, 80155, 80218, 81631, 84617, 91319, 93129, 114785, 140688, 197358, 342371 
